  1.2830000e+002
  1.3510000e+002
  1.7430000e+002
  1.9890000e+002
  1.7460000e+002
  1.0170000e+002
  1.0170000e+002
  1.5030000e+002
  1.5030000e+002
  2.7180000e+002
  1.3460000e+002
  1.3600000e+002
  1.3600000e+002
  1.1170000e+002
  1.6030000e+002
  1.3600000e+002
  1.6030000e+002
  1.1170000e+002
  1.3600000e+002
  1.3600000e+002
  8.7400000e+001
  1.6030000e+002
  1.6030000e+002
  1.6030000e+002
  1.6030000e+002
  1.3600000e+002
  1.1170000e+002
  8.7400000e+001
  1.6030000e+002
  1.8460000e+002
  1.8460000e+002
  1.8760000e+002
  1.6680000e+002
  3.1760000e+002
  3.9050000e+002
  2.6850000e+002
  2.9930000e+002
  3.1220000e+002
  2.0760000e+002
  1.8590000e+002
  1.7070000e+002
  1.1540000e+002
  2.6220000e+002
  4.2000000e+002
  3.3470000e+002
  3.2850000e+002
  2.4890000e+002
  2.9500000e+002
  3.4610000e+002
  4.0470000e+002
  3.7950000e+002
  3.5970000e+002
  3.0510000e+002
  2.9660000e+002
  2.6130000e+002
  2.2050000e+002
  2.7990000e+002
  2.3520000e+002
  2.5570000e+002
  2.3140000e+002
  2.5520000e+002
  2.0210000e+002
  2.2040000e+002
  2.6700000e+002
  2.4020000e+002
  2.1140000e+002
  2.0840000e+002
  2.0490000e+002
  1.7810000e+002
  1.4330000e+002
  2.4380000e+002
  2.1680000e+002
  1.9250000e+002
  2.1230000e+002
  2.1770000e+002
  1.9040000e+002
  1.3330000e+002
  2.2400000e+002
  2.7510000e+002
  5.2860000e+002
  4.9020000e+002
  4.7690000e+002
  3.8750000e+002
  3.1540000e+002
  4.0510000e+002
  4.7000000e+002
  4.5380000e+002
  4.4150000e+002
  4.1870000e+002
  3.3930000e+002
  3.5110000e+002
  4.2770000e+002
  3.9660000e+002
  3.5050000e+002
  3.5300000e+002
  3.5300000e+002
  3.0440000e+002
  2.7460000e+002
  3.6480000e+002
  3.1230000e+002
  3.1230000e+002
  3.1530000e+002
  3.9400000e+002
  2.9400000e+002
  2.3790000e+002
  2.8250000e+002
  3.3960000e+002
  2.9500000e+002
  2.9400000e+002
  2.7580000e+002
  2.1940000e+002
  1.8930000e+002
  2.8610000e+002
  3.0100000e+002
  3.2190000e+002
  2.4870000e+002
  3.2210000e+002
  3.7370000e+002
  3.7650000e+002
  5.0560000e+002
  4.2950000e+002
  2.9910000e+002
  4.2440000e+002
  4.4990000e+002
  3.6070000e+002
  3.2840000e+002
  3.4470000e+002
  4.2310000e+002
  3.8000000e+002
  3.9800000e+002
  3.8910000e+002
  3.6730000e+002
  2.9190000e+002
  3.6230000e+002
  3.6480000e+002
  3.9610000e+002
  3.6240000e+002
  3.6170000e+002
  3.5870000e+002
  3.8050000e+002
  4.8120000e+002
  4.6880000e+002
  4.7420000e+002
  3.7820000e+002
  3.5670000e+002
  3.8270000e+002
  2.5930000e+002
  3.1800000e+002
  4.2080000e+002
  3.2460000e+002
  3.8070000e+002
  3.3030000e+002
  3.2220000e+002
  3.1970000e+002
  3.4250000e+002
  4.1790000e+002
  4.8450000e+002
  4.6300000e+002
  4.2680000e+002
  3.3440000e+002
  2.8310000e+002
  3.9590000e+002
  3.4160000e+002
  3.0860000e+002
  1.8200000e+002
  2.2850000e+002
  2.5130000e+002
  1.7840000e+002
  3.2420000e+002
  2.9990000e+002
  2.7560000e+002
  2.7560000e+002
  2.5370000e+002
  2.5430000e+002
  3.8250000e+002
  3.0700000e+002
  2.8270000e+002
  5.9330000e+002
  7.5010000e+002
  5.9400000e+002
  4.3620000e+002
  3.8590000e+002
  4.3690000e+002
  3.9470000e+002
  3.6490000e+002
  3.0580000e+002
  2.9370000e+002
  2.7810000e+002
  2.0260000e+002
  2.6050000e+002
  2.0870000e+002
  2.3300000e+002
  2.3300000e+002
  2.3310000e+002
  2.3500000e+002
  6.5620000e+002
  3.9830000e+002
  4.4080000e+002
  4.9890000e+002
  4.2610000e+002
  3.5520000e+002
  3.0400000e+002
  1.9350000e+002
  2.5890000e+002
  2.6020000e+002
  2.8360000e+002
  2.8360000e+002
  2.3500000e+002
  1.8640000e+002
  1.3780000e+002
  2.1070000e+002
  1.8640000e+002
  2.5930000e+002
  1.8640000e+002
  1.8640000e+002
  1.6210000e+002
  1.3780000e+002
  1.8640000e+002
  1.3780000e+002
  1.6210000e+002
  4.5370000e+002
  2.1790000e+002
  1.6840000e+002
  1.1980000e+002
  1.4410000e+002
  1.6840000e+002
  1.9220000e+002
  1.4310000e+002
  1.4310000e+002
  1.4310000e+002
  1.6740000e+002
  2.1600000e+002
  1.9170000e+002
  2.6460000e+002
  2.8890000e+002
  1.6740000e+002
  1.9170000e+002
  1.6740000e+002
  2.1600000e+002
  2.1600000e+002
  1.8740000e+002
  1.8170000e+002
  2.0560000e+002
  4.9780000e+002
  2.6220000e+002
  3.5980000e+002
  4.5700000e+002
  4.0990000e+002
  2.4280000e+002
  3.1720000e+002
  2.2000000e+002
  1.4510000e+002
  2.8990000e+002
  2.1800000e+002
  2.1850000e+002
  1.9470000e+002
  2.1950000e+002
  1.8300000e+002
  1.0780000e+002
  2.0500000e+002
  2.0500000e+002
  1.8070000e+002
  1.5640000e+002
  1.6260000e+002
  1.3260000e+002
  1.0440000e+002
  1.5100000e+002
  1.7580000e+002
  1.4330000e+002
  1.4300000e+002
  1.1870000e+002
  1.6730000e+002
  9.4400000e+001
  1.4300000e+002
  1.6730000e+002
  1.1870000e+002
  1.6730000e+002
  1.1870000e+002
  9.4400000e+001
  4.4800000e+001
  2.8730000e+002
  1.6630000e+002
  1.4200000e+002
  1.4200000e+002
  1.9060000e+002
  1.4200000e+002
  9.3400000e+001
  1.1770000e+002
  1.4200000e+002
  1.4200000e+002
  1.4200000e+002
  1.4200000e+002
  1.1770000e+002
  6.9100000e+001
  1.6630000e+002
  1.4200000e+002
  1.4200000e+002
  1.1770000e+002
  1.3900000e+002
  6.3100000e+001
  6.0100000e+001
  1.3000000e+002
  1.1870000e+002
  9.2700000e+001
  1.4130000e+002
  6.8400000e+001
  9.2700000e+001
  6.8400000e+001
  1.6560000e+002
  2.2420000e+002
  8.6400000e+001
  8.6400000e+001
  8.6400000e+001
  8.6400000e+001
  6.2100000e+001
  1.3500000e+002
  1.3500000e+002
  1.1070000e+002
  1.3500000e+002
  1.1070000e+002
  4.0230000e+002
  2.0790000e+002
  5.7740000e+002
  3.8800000e+002
  2.9080000e+002
  2.4220000e+002
  2.4220000e+002
  1.6930000e+002
  1.6930000e+002
  2.6650000e+002
  2.1790000e+002
  1.9360000e+002
  1.9360000e+002
  1.2070000e+002
  1.2070000e+002
  7.2100000e+001
  1.8580000e+002
  1.8360000e+002
  1.3500000e+002
  1.5930000e+002
  1.8360000e+002
  8.6400000e+001
  6.2100000e+001
  1.5930000e+002
  1.5930000e+002
  1.8360000e+002
  1.3500000e+002
  1.3500000e+002
  8.6400000e+001
  3.7800000e+001
  1.3500000e+002
  1.6030000e+002
  1.3700000e+002
  1.3700000e+002
  1.1270000e+002
  1.1270000e+002
  8.8400000e+001
  1.1270000e+002
  1.1270000e+002
  6.4100000e+001
  6.4100000e+001
  8.8400000e+001
  8.8400000e+001
  1.1270000e+002
  3.9800000e+001
  8.8400000e+001
  6.4100000e+001
  6.4100000e+001
  1.1270000e+002
  1.1270000e+002
  6.4100000e+001
  8.8400000e+001
  1.3700000e+002
  1.1270000e+002
  1.1270000e+002
  8.8400000e+001
  1.1270000e+002
  6.4100000e+001
  1.1270000e+002
  1.1270000e+002
  1.1270000e+002
  2.0990000e+002
  1.6130000e+002
  3.0710000e+002
  2.5850000e+002
  2.3420000e+002
  2.0990000e+002
  2.3420000e+002
  1.8560000e+002
  1.8560000e+002
  1.3700000e+002
  8.8400000e+001
  1.8560000e+002
  1.8560000e+002
  1.3700000e+002
  1.3700000e+002
  1.6130000e+002
  1.1270000e+002
  3.9800000e+001
  1.8560000e+002
  1.8560000e+002
  1.6130000e+002
  1.3700000e+002
  1.1270000e+002
  8.8400000e+001
  6.4100000e+001
  1.8560000e+002
  1.3700000e+002
  2.8280000e+002
  1.6130000e+002
  1.8560000e+002
  1.1270000e+002
  6.4100000e+001
  1.8560000e+002
  1.6130000e+002
  1.6130000e+002
  1.6130000e+002
  1.3700000e+002
  1.1270000e+002
  6.4100000e+001
  1.8560000e+002
  1.6130000e+002
  1.3700000e+002
  1.3700000e+002
  1.6130000e+002
  8.8400000e+001
  6.4100000e+001
  2.0710000e+002
  3.0480000e+002
  2.0760000e+002
  1.8330000e+002
  1.8480000e+002
  1.8830000e+002
  4.1450000e+002
  5.0210000e+002
  3.3190000e+002
  3.6810000e+002
  3.9220000e+002
  3.0140000e+002
  3.6350000e+002
  2.9100000e+002
  3.8240000e+002
  3.1490000e+002
  3.0260000e+002
  3.1940000e+002
  3.0680000e+002
  2.9670000e+002
  1.9150000e+002
  3.1760000e+002
  2.6540000e+002
  2.6980000e+002
  2.6840000e+002
  2.4860000e+002
  1.5140000e+002
  1.4890000e+002
  1.9600000e+002
  2.4460000e+002
  2.7140000e+002
  3.3820000e+002
  4.7720000e+002
  4.9200000e+002
  8.5760000e+002
  5.9000000e+002
  5.1110000e+002
  5.3060000e+002
  4.5450000e+002
  4.0820000e+002
  3.7760000e+002
  3.1000000e+002
  4.3330000e+002
  4.0760000e+002
  3.9290000e+002
  4.1900000e+002
  3.9170000e+002
  3.8870000e+002
  4.3880000e+002
  5.5200000e+002
  5.4600000e+002
  5.9460000e+002
  5.7630000e+002
  5.0140000e+002
  4.9340000e+002
  4.0750000e+002
  4.4210000e+002
  4.5740000e+002
  4.7500000e+002
  3.6710000e+002
  4.5730000e+002
  5.1440000e+002
  4.2440000e+002
  6.7470000e+002
  9.5290000e+002
  7.0370000e+002
  5.0930000e+002
  5.4540000e+002
  5.1110000e+002
  5.7800000e+002
  5.7800000e+002
  5.5170000e+002
  5.2140000e+002
  5.9230000e+002
  5.9630000e+002
  5.2140000e+002
  5.1340000e+002
  6.3890000e+002
  6.7720000e+002
  7.1800000e+002
  7.9160000e+002
  6.8910000e+002
  6.7130000e+002
  9.5990000e+002
  7.4570000e+002
  6.3070000e+002
  5.7360000e+002
  4.8170000e+002
  5.6240000e+002
  6.3330000e+002
  8.7500000e+002
  6.2670000e+002
  6.2270000e+002
  5.1250000e+002
  4.6470000e+002
  4.6650000e+002
  4.2020000e+002
  3.9670000e+002
  5.0710000e+002
  5.8220000e+002
  7.9780000e+002
  6.3860000e+002
  5.9400000e+002
  5.1510000e+002
  5.2940000e+002
  9.9580000e+002
  7.7250000e+002
  6.3520000e+002
  5.5130000e+002
  4.8170000e+002
  4.3040000e+002
  3.7560000e+002
  5.0140000e+002
  4.6760000e+002
  4.8290000e+002
  5.6640000e+002
  5.8460000e+002
  5.3770000e+002
  5.3120000e+002
  5.5750000e+002
  4.5830000e+002
  4.1550000e+002
  4.2460000e+002
  5.3160000e+002
  4.0650000e+002
  3.7720000e+002
  4.2330000e+002
  3.9900000e+002
  4.4760000e+002
  4.2830000e+002
  4.4230000e+002
  3.7760000e+002
  3.1200000e+002
  3.8390000e+002
  4.3160000e+002
  4.1230000e+002
  4.3910000e+002
  5.8630000e+002
  4.6570000e+002
  3.5400000e+002
  3.5830000e+002
  4.2420000e+002
  4.3050000e+002
  3.9660000e+002
  3.6400000e+002
  2.5610000e+002
  2.3080000e+002
  1.7890000e+002
  3.2190000e+002
  2.6900000e+002
  2.6830000e+002
  2.4400000e+002
  2.1970000e+002
  1.4680000e+002
  2.1970000e+002
  2.5750000e+002
  2.5260000e+002
  2.4180000e+002
  2.5930000e+002
  2.5930000e+002
  1.6210000e+002
  2.3500000e+002
  2.5930000e+002
  2.3500000e+002
  2.1070000e+002
  2.3500000e+002
  1.6210000e+002
  1.6210000e+002
  2.3500000e+002
  2.3080000e+002
  1.8140000e+002
  1.8140000e+002
  2.2610000e+002
  3.7530000e+002
  1.6010000e+002
  2.3350000e+002
  2.1070000e+002
  2.3500000e+002
  2.1070000e+002
  2.3500000e+002
  2.0920000e+002
  2.0520000e+002
  2.2700000e+002
  3.5600000e+002
  3.1440000e+002
  2.6830000e+002
  2.2270000e+002
  2.7130000e+002
  1.2200000e+002
  2.6330000e+002
  2.3800000e+002
  2.3900000e+002
  4.4390000e+002
  2.6300000e+002
  2.1440000e+002
  7.8080000e+002
  2.5598000e+003
  2.8531000e+003
  1.2424000e+003
  8.2390000e+002
  7.0210000e+002
  5.2520000e+002
  4.1770000e+002
  4.7400000e+002
  4.0300000e+002
  3.3500000e+002
  4.0150000e+002
  3.5950000e+002
  2.6690000e+002
  2.7130000e+002
  3.0940000e+002
  1.2598000e+003
  8.7420000e+002
  5.4250000e+002
  4.1530000e+002
  3.2520000e+002
  3.0750000e+002
  4.0040000e+002
  3.0880000e+002
  2.9680000e+002
  2.8780000e+002
  3.3950000e+002
  2.6120000e+002
  4.9110000e+002
  4.1200000e+002
  3.9190000e+002
  3.6110000e+002
  4.3100000e+002
  4.0420000e+002
  2.9500000e+002
  2.9420000e+002
  3.1020000e+002
  2.9360000e+002
  3.1220000e+002
  3.1090000e+002
  2.4000000e+002
  1.8940000e+002
  1.1050000e+002
  2.5550000e+002
  2.3060000e+002
  2.0780000e+002
  2.0990000e+002
  2.0790000e+002
  2.0880000e+002
  3.1610000e+002
  4.7940000e+002
  3.4490000e+002
  3.9940000e+002
  3.1270000e+002
  4.1840000e+002
  3.2420000e+002
  2.6710000e+002
  2.8690000e+002
  2.9220000e+002
  3.2840000e+002
  2.7960000e+002
  2.3350000e+002
  1.8310000e+002
  2.5420000e+002
  4.4860000e+002
  4.1590000e+002
  3.5010000e+002
  3.5260000e+002
  2.7970000e+002
  2.4590000e+002
  1.8510000e+002
  2.7850000e+002
  2.5420000e+002
  2.5420000e+002
  2.5420000e+002
  2.2990000e+002
  1.8130000e+002
  3.2300000e+002
  2.5740000e+002
  2.5490000e+002
  2.8610000e+002
  3.0040000e+002
  2.4560000e+002
  1.4990000e+002
  1.4690000e+002
  2.0790000e+002
  2.1010000e+002
  2.0610000e+002
  2.1650000e+002
  1.9070000e+002
  1.6440000e+002
  1.3460000e+002
  2.0400000e+002
  2.2880000e+002
  2.5360000e+002
  2.0500000e+002
  2.0500000e+002
  1.3160000e+002
  1.0480000e+002
  1.9280000e+002
  1.9740000e+002
  1.4230000e+002
  1.0850000e+002
  9.8500000e+001
  1.1030000e+002
  1.3270000e+002
  1.5700000e+002
  1.8130000e+002
  1.0840000e+002
  1.0840000e+002
  1.0840000e+002
  1.0840000e+002
  5.9800000e+001
  1.3270000e+002
  1.0840000e+002
  1.8130000e+002
  1.5700000e+002
  1.5700000e+002
  1.0840000e+002
  1.0840000e+002
  1.7930000e+002
  1.5300000e+002
  2.0160000e+002
  1.0690000e+002
  1.5650000e+002
  8.2100000e+001
  7.8600000e+001
  1.7230000e+002
  1.4800000e+002
  1.7230000e+002
  1.2370000e+002
  1.7230000e+002
  7.5100000e+001
  2.5500000e+001
  1.7030000e+002
  1.7030000e+002
  1.4600000e+002
  1.4600000e+002
  1.4600000e+002
  1.4600000e+002
  9.7400000e+001
  2.1890000e+002
  1.7030000e+002
  1.7280000e+002
  1.9960000e+002
  1.2670000e+002
  7.8100000e+001
  5.2300000e+001
  1.7230000e+002
  1.4800000e+002
  1.4800000e+002
  1.2370000e+002
  1.7230000e+002
  7.5100000e+001
  4.9800000e+001
  1.4600000e+002
  1.4600000e+002
  1.7030000e+002
  1.2170000e+002
  1.2170000e+002
  7.3100000e+001
  4.8800000e+001
  1.2170000e+002
  1.2170000e+002
  1.4600000e+002
  1.2170000e+002
  1.2170000e+002
  7.1600000e+001
  1.1820000e+002
  1.4050000e+002
  1.3900000e+002
  1.1470000e+002
  1.5240000e+002
  6.9100000e+001
  4.4100000e+001
  1.4130000e+002
  1.1700000e+002
  1.1700000e+002
  1.4130000e+002
  1.1700000e+002
  1.4130000e+002
  4.4100000e+001
  1.1700000e+002
  1.1700000e+002
  1.4130000e+002
  1.1700000e+002
  7.2000000e+001
  9.4300000e+001
  4.5700000e+001
  1.5280000e+002
  1.5290000e+002
  1.2860000e+002
  1.0430000e+002
  1.2860000e+002
  1.1130000e+002
  4.3400000e+001
  1.3200000e+002
  1.3450000e+002
  1.1500000e+002
  1.1500000e+002
  1.1510000e+002
  9.5200000e+001
  7.1400000e+001
  1.6890000e+002
  1.6040000e+002
  1.5000000e+002
  1.5000000e+002
  1.2570000e+002
  7.7100000e+001
  5.2800000e+001
  1.3580000e+002
  1.4580000e+002
  2.1890000e+002
  1.5500000e+002
  1.3770000e+002
  9.8800000e+001
  5.0200000e+001
  8.1500000e+001
  1.6200000e+002
  1.6600000e+002
  2.1610000e+002
  4.8730000e+002
  4.1440000e+002
  1.9570000e+002
  2.9290000e+002
  2.6860000e+002
  2.4430000e+002
  2.6860000e+002
  2.6860000e+002
  1.4710000e+002
  1.4710000e+002
  2.4430000e+002
  2.6860000e+002
  2.6930000e+002
  2.4630000e+002
  2.4630000e+002
  2.2200000e+002
  2.7060000e+002
  2.9360000e+002
  2.9290000e+002
  2.9290000e+002
  3.4400000e+002
  2.9790000e+002
  1.7640000e+002
  1.7390000e+002
  2.4680000e+002
  2.3200000e+002
  2.6330000e+002
  2.8760000e+002
  2.6060000e+002
  1.6310000e+002
  8.3200000e+001
  1.9520000e+002
  2.4130000e+002
  1.9270000e+002
  1.1980000e+002
  1.4410000e+002
  1.4410000e+002
  1.1980000e+002
  1.9270000e+002
  2.1700000e+002
  1.1980000e+002
  1.9270000e+002
  2.1700000e+002
  7.2900000e+001
  4.8900000e+001
  1.4360000e+002
  1.6190000e+002
  1.7980000e+002
  1.2810000e+002
  1.9600000e+002
  1.2060000e+002
  9.3800000e+001
  1.6620000e+002
  1.6570000e+002
  1.4140000e+002
  9.2800000e+001
  1.4140000e+002
  9.2800000e+001
  9.2800000e+001
  1.4140000e+002
  1.6570000e+002
  1.3150000e+002
  1.3140000e+002
  1.8000000e+002
  1.0710000e+002
  9.9000000e+000
  1.5570000e+002
  1.3140000e+002
  1.3140000e+002
  1.5570000e+002
  1.5570000e+002
  1.0710000e+002
  1.0710000e+002
  1.3140000e+002
  1.4090000e+002
  1.6500000e+002
  1.4070000e+002
  1.1640000e+002
  1.1640000e+002
  1.9200000e+001
  1.4070000e+002
  1.6500000e+002
  9.2100000e+001
  1.1640000e+002
  1.1640000e+002
  9.7800000e+001
  4.8800000e+001
  1.7000000e+002
  1.2170000e+002
  1.2170000e+002
  1.4190000e+002
  1.1660000e+002
  5.5100000e+001
  6.5000000e+000
  1.0370000e+002
  1.0660000e+002
  1.0200000e+002
  7.7700000e+001
  6.8000000e+001
  1.1330000e+002
  8.9000000e+001
  6.4700000e+001
  7.6900000e+001
  8.9000000e+001
  7.6900000e+001
  3.2500000e+001
  6.9700000e+001
  8.1900000e+001
  1.5470000e+002
  1.2750000e+002
  6.4700000e+001
  1.1330000e+002
  6.2800000e+001
  7.3400000e+001
  1.0990000e+002
  8.5600000e+001
  6.1300000e+001
  8.5600000e+001
  8.5900000e+001
  6.4300000e+001
  4.0000000e+001
  4.1500000e+001
  7.3400000e+001
  5.4400000e+001
  7.8700000e+001
  7.8700000e+001
  1.7590000e+002
  4.9180000e+002
  1.2105000e+003
  4.7720000e+002
  3.4480000e+002
  2.5460000e+002
  2.0520000e+002
  2.7810000e+002
  1.0800000e+002
  1.0800000e+002
  1.7200000e+002
  1.3170000e+002
  1.6000000e+002
  1.8430000e+002
  2.7390000e+002
  1.1090000e+002
  3.7730000e+002
  1.2077000e+003
  1.3612000e+003
  9.8500000e+002
  7.1190000e+002
  5.4310000e+002
  4.0090000e+002
  2.9630000e+002
  3.7830000e+002
  3.0170000e+002
  2.9910000e+002
  2.8260000e+002
  2.6890000e+002
  1.6850000e+002
  1.6310000e+002
  2.5100000e+002
  2.8121000e+003
  1.7963000e+003
  9.5840000e+002
  1.1633000e+003
  1.4097000e+003
  2.4084000e+003
  2.0600000e+003
  1.4178000e+003
  1.0121000e+003
  8.5200000e+002
  7.6430000e+002
  6.3200000e+002
  4.9920000e+002
  6.8700000e+002
  2.7121000e+003
  2.4066000e+003
  1.2087000e+003
  1.0345000e+003
  7.8420000e+002
  6.6520000e+002
  7.1300000e+002
  6.0770000e+002
  5.5300000e+002
  4.7900000e+002
  4.3430000e+002
  3.1720000e+002
  4.1240000e+002
  5.5070000e+002
  7.2280000e+002
  8.6490000e+002
  1.1396000e+003
  1.8618000e+003
  1.9899000e+003
  1.1670000e+003
  9.5060000e+002
  8.7930000e+002
  1.0730000e+003
  9.9310000e+002
  8.7090000e+002
  1.1843000e+003
  1.7831000e+003
  1.1732000e+003
  1.0595000e+003
  1.6008000e+003
  1.2843000e+003
  1.0729000e+003
  8.9790000e+002
  7.5000000e+002
  7.2410000e+002
  6.5760000e+002
  5.9160000e+002
  5.2760000e+002
  5.4800000e+002
  3.9370000e+002
  3.5370000e+002
  4.3250000e+002
  3.7400000e+002
  3.5900000e+002
  3.3790000e+002
  3.0980000e+002
  2.1260000e+002
  1.8830000e+002
  2.3640000e+002
  2.7090000e+002
  2.9200000e+002
  3.3100000e+002
  2.2330000e+002
  1.8790000e+002
  1.6640000e+002
  2.6060000e+002
  2.3680000e+002
  1.6390000e+002
  2.1650000e+002
  1.9030000e+002
  1.1740000e+002
  1.4170000e+002
  1.6600000e+002
  1.9030000e+002
  1.6600000e+002
  1.6600000e+002
  1.9230000e+002
  1.6800000e+002
  1.6800000e+002
  1.9230000e+002
  1.9230000e+002
  1.6800000e+002
  1.9230000e+002
  1.1940000e+002
  9.5100000e+001
  9.5100000e+001
  2.1660000e+002
  1.4370000e+002
  1.6800000e+002
  1.4370000e+002
  1.1940000e+002
  1.6800000e+002
  1.1940000e+002
  1.9230000e+002
  2.4090000e+002
  1.9230000e+002
  1.4370000e+002
  1.9230000e+002
  1.4370000e+002
  1.1940000e+002
  2.4090000e+002
  3.9470000e+002
  2.6810000e+002
  2.6770000e+002
  1.8750000e+002
  1.7560000e+002
  9.7500000e+001
  1.4630000e+002
  1.9230000e+002
  1.6800000e+002
  1.6800000e+002
  1.6800000e+002
  1.6800000e+002
  1.1940000e+002
  2.1660000e+002
  1.9230000e+002
  2.2160000e+002
  2.0230000e+002
  2.3260000e+002
  1.7140000e+002
  1.2130000e+002
  1.9070000e+002
  1.9070000e+002
  2.1950000e+002
  1.9230000e+002
  1.6800000e+002
  1.1940000e+002
  1.1940000e+002
  1.9230000e+002
  2.1660000e+002
  1.9230000e+002
  2.4790000e+002
  2.2910000e+002
  1.5370000e+002
  1.2740000e+002
  1.9930000e+002
  1.9930000e+002
  1.7700000e+002
  1.7800000e+002
  1.9930000e+002
  1.2690000e+002
  2.5190000e+002
  2.4180000e+002
  3.5660000e+002
  2.8100000e+002
  4.9490000e+002
  4.2340000e+002
  3.5800000e+002
  2.6460000e+002
  2.9670000e+002
  3.1760000e+002
  2.8700000e+002
  3.1130000e+002
  3.1130000e+002
  2.8700000e+002
  2.6270000e+002
  2.7320000e+002
  3.1640000e+002
  3.1090000e+002
  3.5310000e+002
  5.3650000e+002
  4.1360000e+002
  3.5300000e+002
  3.9970000e+002
  3.7890000e+002
  3.6940000e+002
  3.6640000e+002
  4.1500000e+002
  3.6340000e+002
  4.8490000e+002
  6.0490000e+002
  7.0990000e+002
  6.6090000e+002
  7.2600000e+002
  5.8870000e+002
  5.3160000e+002
  4.6650000e+002
  7.6260000e+002
  5.5390000e+002
  5.1910000e+002
  5.0710000e+002
  4.6880000e+002
  3.7440000e+002
  3.2210000e+002
  4.8600000e+002
  4.0500000e+002
  3.8070000e+002
  3.5340000e+002
  4.0440000e+002
  2.0930000e+002
  2.2560000e+002
  1.9330000e+002
  3.0230000e+002
  2.9910000e+002
  3.2840000e+002
  2.6200000e+002
  2.1040000e+002
  1.5180000e+002
  2.7230000e+002
  3.0410000e+002
  2.8030000e+002
  2.8230000e+002
  2.6600000e+002
  2.6850000e+002
  2.6500000e+002
  3.4140000e+002
  3.8070000e+002
  4.1400000e+002
  5.8660000e+002
  2.1252000e+003
  2.7707000e+003
  2.8749000e+003
  1.4178000e+003
  1.8862000e+003
  2.9342000e+003
  1.5679000e+003
  1.1350000e+003
  9.2440000e+002
  8.4280000e+002
  7.8420000e+002
  6.9250000e+002
  6.1130000e+002
  7.5400000e+002
  8.6330000e+002
  6.5520000e+002
  5.2030000e+002
  6.9250000e+002
  6.4220000e+002
  6.6780000e+002
  1.0756000e+003
  1.1058000e+003
  9.9900000e+002
  7.8280000e+002
  8.1640000e+002
  8.0640000e+002
  8.5000000e+002
  1.0376000e+003
  9.6540000e+002
  7.9280000e+002
  6.9240000e+002
  7.1150000e+002
  7.1430000e+002
  6.6900000e+002
  6.1920000e+002
  6.1800000e+002
  5.6870000e+002
  5.4220000e+002
  6.4820000e+002
  5.9060000e+002
  8.4260000e+002
  9.8030000e+002
  7.6430000e+002
  6.8890000e+002
  6.2680000e+002
  7.6810000e+002
  7.7710000e+002
  6.7990000e+002
  5.9100000e+002
  5.9530000e+002
  6.0410000e+002
  5.1170000e+002
  5.9190000e+002
  6.6230000e+002
  5.6060000e+002
  6.0070000e+002
  5.4410000e+002
  5.3160000e+002
  4.9280000e+002
  5.5570000e+002
  4.9910000e+002
  5.1340000e+002
  5.0540000e+002
  4.9740000e+002
  4.2790000e+002
  4.4390000e+002
  5.1430000e+002
  5.4260000e+002
  5.2530000e+002
  6.7890000e+002
  5.9230000e+002
  4.9110000e+002
  4.5280000e+002
  4.8990000e+002
  5.0870000e+002
  5.8310000e+002
  5.9060000e+002
  5.1970000e+002
  4.8990000e+002
  3.7820000e+002
  4.6090000e+002
  4.7810000e+002
  5.2490000e+002
  4.3070000e+002
  3.7360000e+002
  3.1910000e+002
  2.9030000e+002
  6.9510000e+002
  4.4630000e+002
  5.0290000e+002
  5.5140000e+002
  9.0520000e+002
  2.2992000e+003
  1.6151000e+003
  9.7440000e+002
  7.2170000e+002
  6.9200000e+002
  5.8840000e+002
  6.0980000e+002
  5.1400000e+002
  5.1680000e+002
  4.7630000e+002
  4.6310000e+002
  4.0280000e+002
  4.1840000e+002
  4.9510000e+002
  3.8070000e+002
  3.2170000e+002
  3.2800000e+002
  3.5090000e+002
  7.4870000e+002
  2.1345000e+003
  9.4050000e+002
  1.7427000e+003
  1.5941000e+003
  1.0361000e+003
  8.3200000e+002
  6.9910000e+002
  6.5890000e+002
  6.2520000e+002
  5.9750000e+002
  7.3610000e+002
  3.2791000e+003
  2.1566000e+003
  1.5822000e+003
  1.1967000e+003
  9.6790000e+002
  8.1530000e+002
  7.3560000e+002
  7.1900000e+002
  6.1320000e+002
  6.1160000e+002
  5.4710000e+002
  4.5780000e+002
  3.9280000e+002
  3.0400000e+002
  4.2510000e+002
  4.1840000e+002
  3.8990000e+002
  3.9780000e+002
  3.9660000e+002
  3.1020000e+002
  2.4060000e+002
  4.0870000e+002
  2.7990000e+002
  2.7440000e+002
  2.5680000e+002
  2.7800000e+002
  1.5290000e+002
  1.2510000e+002
  2.1920000e+002
  2.1590000e+002
  1.8960000e+002
  2.1190000e+002
  2.1190000e+002
  1.1670000e+002
  1.1870000e+002
  1.6730000e+002
  1.6730000e+002
  2.4020000e+002
  3.8550000e+002
  3.6031000e+003
  4.2614000e+003
  2.2061000e+003
  1.5998000e+003
  1.1035000e+003
  8.6610000e+002
  7.8000000e+002
  6.8960000e+002
  5.0850000e+002
  4.3060000e+002
  5.0120000e+002
  4.5000000e+002
  4.3310000e+002
  4.0090000e+002
  3.4890000e+002
  2.7260000e+002
  2.4790000e+002
  3.2950000e+002
  3.9340000e+002
  4.3650000e+002
  5.6100000e+002
  6.1460000e+002
  3.9350000e+002
  3.4920000e+002
  3.8880000e+002
  2.9900000e+002
  3.7200000e+002
  3.3800000e+002
  2.8350000e+002
  2.2930000e+002
  1.7600000e+002
  2.6660000e+002
  2.4720000e+002
  2.5670000e+002
  2.3660000e+002
  2.5430000e+002
  1.7940000e+002
  1.2330000e+002
  2.4850000e+002
  1.9960000e+002
  2.0660000e+002
  2.3090000e+002
  1.9540000e+002
  1.4350000e+002
  9.6900000e+001
  2.9180000e+002
  1.9460000e+002
  2.1890000e+002
  2.1890000e+002
  1.9460000e+002
  1.4600000e+002
  4.8800000e+001
  1.9460000e+002
  1.9460000e+002
  1.7030000e+002
  1.9460000e+002
  1.9460000e+002
  1.4600000e+002
  7.3100000e+001
  1.7030000e+002
  2.1890000e+002
  1.9460000e+002
  3.4690000e+002
  2.8000000e+002
  1.8230000e+002
  1.3370000e+002
  2.3540000e+002
  2.1660000e+002
  2.1960000e+002
  2.0400000e+002
  2.0850000e+002
  1.3410000e+002
  1.0430000e+002
  1.9700000e+002
  1.9220000e+002
  1.8330000e+002
  1.8330000e+002
  1.5900000e+002
  1.1040000e+002
  8.6100000e+001
  8.4600000e+001
  1.8180000e+002
  1.8330000e+002
  1.5900000e+002
  1.5900000e+002
  1.1040000e+002
  8.4600000e+001
  1.5750000e+002
  1.3470000e+002
  1.5900000e+002
  1.3470000e+002
  1.3470000e+002
  1.1040000e+002
  6.1800000e+001
  1.5900000e+002
  1.5900000e+002
  3.0480000e+002
  3.6590000e+002
  2.6050000e+002
  2.4930000e+002
  2.7960000e+002
  3.2470000e+002
  2.8550000e+002
  3.0410000e+002
  2.6440000e+002
  2.3760000e+002
  2.0580000e+002
  1.4470000e+002
  2.3440000e+002
  2.5870000e+002
  2.0620000e+002
  1.6220000e+002
  2.1370000e+002
  3.3710000e+002
  1.2290000e+002
  2.3670000e+002
  2.0760000e+002
  2.1110000e+002
  2.0310000e+002
  2.0600000e+002
  1.2160000e+002
  1.0130000e+002
  1.9400000e+002
  1.6970000e+002
  1.9400000e+002
  2.1930000e+002
  2.7390000e+002
  2.0450000e+002
  1.0130000e+002
  1.9400000e+002
  2.1830000e+002
  1.6970000e+002
  1.9400000e+002
  1.9400000e+002
  1.4390000e+002
  9.2700000e+001
  1.4090000e+002
  1.9100000e+002
  1.9100000e+002
  2.1530000e+002
  4.0100000e+002
  4.7700000e+002
  5.5240000e+002
  4.3920000e+002
  4.1700000e+002
  4.6590000e+002
  5.6740000e+002
  5.3160000e+002
  4.6450000e+002
  4.4300000e+002
  4.7360000e+002
  4.4230000e+002
  4.8090000e+002
  4.1230000e+002
  4.1960000e+002
  4.0310000e+002
  3.9370000e+002
  4.4730000e+002
  4.3370000e+002
  4.3070000e+002
  4.5200000e+002
  4.2420000e+002
  2.8720000e+002
  2.3210000e+002
  4.3860000e+002
  3.4360000e+002
  3.5610000e+002
  3.5570000e+002
  2.8530000e+002
  2.3030000e+002
  1.5360000e+002
  1.4660000e+002
  2.6610000e+002
  2.9490000e+002
  3.5000000e+002
  3.4070000e+002
  3.0510000e+002
  2.5900000e+002
  3.1630000e+002
  3.5480000e+002
  3.6790000e+002
  3.7000000e+002
  3.4270000e+002
  2.8810000e+002
  2.5230000e+002
  4.7400000e+002
  6.4050000e+002
  4.5610000e+002
  4.2630000e+002
  4.5240000e+002
  3.1350000e+002
  2.4140000e+002
  3.3740000e+002
  3.3510000e+002
  2.8900000e+002
  3.1980000e+002
  3.0000000e+002
  2.2260000e+002
  2.8950000e+002
  2.6600000e+002
  2.8910000e+002
  4.1810000e+002
  3.3150000e+002
  3.5130000e+002
  3.7810000e+002
  4.3990000e+002
  4.2900000e+002
  4.9860000e+002
  4.7340000e+002
  4.8820000e+002
  6.9510000e+002
  8.0100000e+002
  5.5070000e+002
  5.9930000e+002
  5.2290000e+002
  5.6150000e+002
  5.0940000e+002
  5.0940000e+002
  4.2000000e+002
  3.7270000e+002
  4.0980000e+002
  4.4790000e+002
  3.8480000e+002
  4.2570000e+002
  5.3400000e+002
  4.2100000e+002
  1.1876000e+003
  1.7026000e+003
  9.8740000e+002
  7.8520000e+002
  7.2710000e+002
  7.1310000e+002
  7.2590000e+002
  6.1020000e+002
  6.3580000e+002
  6.1780000e+002
  6.5290000e+002
  6.1760000e+002
  6.3090000e+002
  5.9560000e+002
  5.2950000e+002
  6.1370000e+002
  6.3600000e+002
  5.8290000e+002
  5.7440000e+002
  6.1900000e+002
  6.1900000e+002
  6.1900000e+002
  6.7160000e+002
  6.5380000e+002
  6.0520000e+002
  5.2180000e+002
  8.2240000e+002
  1.2549000e+003
  6.4030000e+002
  6.2180000e+002
  5.5120000e+002
  5.2470000e+002
  5.2500000e+002
  6.6230000e+002
  7.1940000e+002
  4.9420000e+002
  4.6920000e+002
  4.9730000e+002
  4.0190000e+002
  4.0070000e+002
  4.6950000e+002
  4.3340000e+002
  3.4550000e+002
  4.9220000e+002
  1.0847000e+003
  7.9160000e+002
  6.0970000e+002
  5.2630000e+002
  4.3040000e+002
  3.4930000e+002
  4.4530000e+002
  4.8290000e+002
  4.2330000e+002
  4.8380000e+002
  5.0280000e+002
  4.8200000e+002
  3.7480000e+002
  4.6250000e+002
  4.8830000e+002
  4.3970000e+002
  3.8210000e+002
  3.8950000e+002
  3.0110000e+002
  2.3750000e+002
  3.0200000e+002
  3.3080000e+002
  3.0520000e+002
  2.8360000e+002
  2.9060000e+002
  2.6980000e+002
  3.9630000e+002
  3.2410000e+002
  8.7570000e+002
  5.7800000e+002
  4.7280000e+002
  4.0420000e+002
  3.5540000e+002
  3.3040000e+002
  3.9152000e+003
  1.5058000e+003
  8.0960000e+002
  6.5970000e+002
  5.5040000e+002
  4.9120000e+002
  4.1370000e+002
  3.9280000e+002
  3.8340000e+002
  4.3760000e+002
  3.5150000e+002
  3.1150000e+002
  3.4300000e+002
  2.8040000e+002
  3.3580000e+002
  3.1830000e+002
  3.4510000e+002
  3.1700000e+002
  3.1700000e+002
  2.3710000e+002
  2.0580000e+002
  2.5410000e+002
  2.7340000e+002
  2.7360000e+002
  2.5130000e+002
  2.2120000e+002
  1.6520000e+002
  1.1460000e+002
  1.8750000e+002
  2.1630000e+002
  2.4040000e+002
  1.6170000e+002
  1.8500000e+002
  1.3950000e+002
  1.3280000e+002
  1.8000000e+002
  1.5620000e+002
  1.0810000e+002
  1.5670000e+002
  1.3240000e+002
  1.3240000e+002
  1.0810000e+002
  1.5670000e+002
  1.8100000e+002
  1.5670000e+002
  1.3240000e+002
  1.5670000e+002
  1.0690000e+002
  9.7300000e+001
  1.4350000e+002
  1.4300000e+002
  1.1870000e+002
  9.4900000e+001
  1.1970000e+002
  7.1100000e+001
  1.4400000e+002
  1.1970000e+002
  2.4120000e+002
  1.6830000e+002
  1.6830000e+002
  1.1970000e+002
  7.1100000e+001
  7.1100000e+001
  1.1970000e+002
  1.4400000e+002
  1.1970000e+002
  1.4400000e+002
  1.1970000e+002
  6.8000000e+001
  1.8800000e+001
  9.1700000e+001
  4.4590000e+002
  3.1410000e+002
  1.6830000e+002
  1.4400000e+002
  1.1970000e+002
  7.1100000e+001
  1.4400000e+002
  1.6830000e+002
  1.4400000e+002
  1.1970000e+002
  1.1970000e+002
  7.7600000e+001
  4.5000000e+000
  1.5030000e+002
  1.0170000e+002
  7.7400000e+001
  1.2600000e+002
  1.2600000e+002
  7.7400000e+001
  2.8800000e+001
  1.7460000e+002
  1.0170000e+002
  1.2600000e+002
  1.0170000e+002
  1.1610000e+002
  6.7400000e+001
  1.8800000e+001
  1.1600000e+002
  1.4160000e+002
  1.2290000e+002
  9.8700000e+001
  9.8700000e+001
  7.4400000e+001
  2.5800000e+001
  1.2300000e+002
  1.2300000e+002
  1.2300000e+002
  1.2300000e+002
  1.2300000e+002
  5.0100000e+001
  7.4400000e+001
  1.2300000e+002
  1.2300000e+002
  9.8700000e+001
  7.4400000e+001
  9.8700000e+001
  7.4400000e+001
  1.5000000e+000
  1.2300000e+002
  1.2300000e+002
  1.2170000e+002
  1.1320000e+002
  6.2400000e+001
  3.8100000e+001
  1.3800000e+001
  1.5960000e+002
  1.4420000e+002
  1.2030000e+002
  7.1400000e+001
  1.3730000e+002
  1.1000000e+002
  1.2800000e+001
  8.5700000e+001
  1.6770000e+002
  1.2000000e+002
  1.9290000e+002
  1.0460000e+002
  5.1400000e+001
  5.1400000e+001
  7.5700000e+001
  2.7100000e+001
  1.7290000e+002
  1.0000000e+002
  1.2430000e+002
  1.2430000e+002
  7.5700000e+001
  5.1400000e+001
  2.8000000e+000
  1.4860000e+002
  1.0000000e+002
  1.0000000e+002
  1.0000000e+001
  2.8000000e+000
  1.2430000e+002
  1.4860000e+002
  1.7290000e+002
  1.4860000e+002
  7.5700000e+001
  5.1400000e+001
  1.5500000e+001
  7.6200000e+001
  1.2530000e+002
  1.0100000e+002
  1.0100000e+002
  1.0100000e+002
  5.2400000e+001
  2.8100000e+001
  1.0100000e+002
  1.2530000e+002
  1.0010000e+002
  1.0000000e+002
  1.2430000e+002
  1.7290000e+002
  1.0000000e+002
  1.4860000e+002
  1.4860000e+002
  1.3900000e+002
  1.3860000e+002
  1.3860000e+002
  9.0000000e+001
  6.5700000e+001
  1.3860000e+002
  1.6290000e+002
  1.3860000e+002
  1.1430000e+002
  1.3860000e+002
  1.1430000e+002
  1.8720000e+002
  2.1150000e+002
  2.2140000e+002
  1.9720000e+002
  1.7290000e+002
  1.9720000e+002
  1.9720000e+002
  1.0000000e+002
  2.2010000e+002
  1.7800000e+002
  1.7960000e+002
  1.5530000e+002
  1.5530000e+002
  1.0670000e+002
  8.2400000e+001
  1.3100000e+002
  1.3100000e+002
  1.5530000e+002
  1.5530000e+002
  1.3100000e+002
  8.2400000e+001
  3.3800000e+001
  1.2910000e+002
  1.1800000e+002
  1.6460000e+002
  1.4030000e+002
  1.1600000e+002
  6.7400000e+001
  4.3100000e+001
  1.4030000e+002
  1.6460000e+002
  2.8610000e+002
  1.2959000e+003
  5.6360000e+002
  4.2680000e+002
  3.8650000e+002
  5.2480000e+002
  7.1090000e+002
  5.0520000e+002
  4.7540000e+002
  4.1580000e+002
  3.2340000e+002
  4.0260000e+002
  5.2210000e+002
  4.5120000e+002
  6.0450000e+002
  4.9200000e+002
  4.1360000e+002
  3.3710000e+002
  2.3750000e+002
  2.7020000e+002
  2.8520000e+002
  2.7550000e+002
  2.2690000e+002
  1.9520000e+002
  1.4930000e+002
  9.1700000e+001
  2.4050000e+002
  1.8940000e+002
  2.8660000e+002
  2.4100000e+002
  2.1570000e+002
  1.9730000e+002
  1.6820000e+002
  3.1600000e+002
  2.7440000e+002
  2.8440000e+002
  2.1500000e+002
  2.3980000e+002
  1.9490000e+002
  1.7120000e+002
  3.2200000e+002
  2.9760000e+002
  2.8720000e+002
  3.4910000e+002
  2.8950000e+002
  2.3800000e+002
  1.5560000e+002
  3.2390000e+002
  1.6920000e+002
  3.9590000e+002
  2.8600000e+002
  3.1760000e+002
  1.3920000e+002
  1.6350000e+002
  2.5570000e+002
  2.2740000e+002
  2.4200000e+002
  2.9110000e+002
  2.9310000e+002
  3.1990000e+002
  3.0410000e+002
  3.7370000e+002
  3.9660000e+002
  3.9350000e+002
  4.2130000e+002
  3.5860000e+002
  3.5460000e+002
  5.7330000e+002
  4.9850000e+002
  4.5260000e+002
  4.1580000e+002
  5.9560000e+002
  4.8910000e+002
  4.4560000e+002
  6.9560000e+002
  6.9580000e+002
  5.8830000e+002
  6.4490000e+002
  6.3060000e+002
  6.3860000e+002
  6.7340000e+002
  6.0700000e+002
  5.5390000e+002
  5.7170000e+002
  5.1510000e+002
  5.2940000e+002
  5.2140000e+002
  4.3450000e+002
  4.1550000e+002
  4.8660000e+002
  4.3200000e+002
  5.7020000e+002
  4.6760000e+002
  5.6080000e+002
  3.8170000e+002
  3.3440000e+002
  3.9400000e+002
  3.8430000e+002
  3.2210000e+002
  3.5410000e+002
  3.0610000e+002
  2.6000000e+002
  2.0990000e+002
  3.2590000e+002
  3.2740000e+002
  3.2690000e+002
  3.0500000e+002
  3.4190000e+002
  2.2960000e+002
  1.7310000e+002
  3.4320000e+002
  2.7030000e+002
  2.2170000e+002
  2.4600000e+002
  1.9740000e+002
  1.7310000e+002
  1.4880000e+002
  1.9740000e+002
  1.9740000e+002
  1.9740000e+002
  5.3760000e+002
  2.9460000e+002
  1.9740000e+002
  1.7310000e+002
  2.2170000e+002
  2.4600000e+002
  2.2170000e+002
  1.9740000e+002
  2.4600000e+002
  1.2450000e+002
  1.2450000e+002
  1.9740000e+002
  1.9740000e+002
  1.9740000e+002
  1.7310000e+002
  1.7310000e+002
  1.2680000e+002
  7.7200000e+001
  2.2300000e+002
  6.2330000e+002
  4.4040000e+002
  3.9180000e+002
  3.1890000e+002
  2.4600000e+002
  1.4880000e+002
  2.2170000e+002
  2.4600000e+002
  2.2170000e+002
  2.2170000e+002
  2.7030000e+002
  1.2450000e+002
  1.2450000e+002
  1.4880000e+002
  1.9740000e+002
  1.0020000e+002
  2.4600000e+002
  3.1890000e+002
  4.3790000e+002
  2.9040000e+002
  2.9490000e+002
  2.7260000e+002
  2.2350000e+002
  2.7430000e+002
  3.2250000e+002
  2.0100000e+002
  1.7670000e+002
  2.2480000e+002
  2.2430000e+002
  2.2430000e+002
  1.5140000e+002
  1.5090000e+002
  1.0180000e+002
  1.0180000e+002
  1.7520000e+002
  2.0000000e+002
  1.5190000e+002
  1.5240000e+002
  1.7670000e+002
  5.2000000e+000
  5.5200000e+001
  1.7670000e+002
  1.7180000e+002
  1.2300000e+002
  1.1930000e+002
  1.2740000e+002
  7.3800000e+001
  2.5200000e+001
  1.4670000e+002
  1.4670000e+002
  1.2240000e+002
  1.7100000e+002
  2.8580000e+002
  1.5810000e+002
  1.3230000e+002
  1.8090000e+002
  1.0800000e+002
  1.3230000e+002
  1.3230000e+002
  1.0800000e+002
  5.9400000e+001
  4.6300000e+001
  1.3590000e+002
  1.3280000e+002
  9.5600000e+001
  1.2100000e+002
  1.9390000e+002
  7.2400000e+001
  4.8100000e+001
  1.2100000e+002
  9.6700000e+001
  1.4530000e+002
  3.4220000e+002
  6.8490000e+002
  1.1355000e+003
  4.1477000e+003
  3.1806000e+003
  2.9922000e+003
  1.8200000e+003
  1.1546000e+003
  9.2250000e+002
  7.6630000e+002
  5.6850000e+002
  6.1590000e+002
  5.7930000e+002
  5.0860000e+002
  4.7170000e+002
  5.0140000e+002
  6.3200000e+002
  6.0900000e+002
  5.5970000e+002
  5.0690000e+002
  4.2380000e+002
  3.3320000e+002
  4.1990000e+002
  3.0510000e+002
  2.7910000e+002
  3.6540000e+002
  3.5330000e+002
  3.0930000e+002
  2.9450000e+002
  3.4310000e+002
  1.9000000e+002
  1.4140000e+002
  2.6290000e+002
  3.0390000e+002
  3.3590000e+002
  4.2970000e+002
  4.4760000e+002
  2.9230000e+002
  2.1060000e+002
  2.6570000e+002
  2.5580000e+002
  2.3040000e+002
  2.5520000e+002
  2.5520000e+002
  1.8230000e+002
  1.0940000e+002
  2.0660000e+002
  2.3090000e+002
  2.3190000e+002
  2.3290000e+002
  2.3290000e+002
  1.6000000e+002
  1.3570000e+002
  2.0860000e+002
  1.8430000e+002
  1.8430000e+002
  2.0860000e+002
  2.0860000e+002
  1.6000000e+002
  8.7100000e+001
  2.0860000e+002
  1.8430000e+002
  1.8430000e+002
  1.6000000e+002
  1.8430000e+002
  1.1140000e+002
  8.7100000e+001
  1.6000000e+002
  1.6000000e+002
  2.3290000e+002
  2.0860000e+002
  2.5720000e+002
  3.7300000e+002
  2.4310000e+002
  3.0040000e+002
  1.8860000e+002
  1.5030000e+002
  1.9270000e+002
  2.0860000e+002
  1.6000000e+002
  1.3570000e+002
  1.1140000e+002
  1.1140000e+002
  1.6000000e+002
  1.6000000e+002
  1.6000000e+002
  1.1140000e+002
  8.7100000e+001
  1.6000000e+002
  1.8430000e+002
  1.6000000e+002
  2.0860000e+002
  1.6000000e+002
  1.1140000e+002
  6.2800000e+001
  2.0860000e+002
  1.3570000e+002
  1.8430000e+002
  2.0860000e+002
  2.0860000e+002
  1.1140000e+002
  3.8500000e+001
  1.8430000e+002
  2.8150000e+002
  1.6000000e+002
  1.8430000e+002
  1.6000000e+002
  8.7100000e+001
  8.7100000e+001
  1.8430000e+002
  1.6000000e+002
  1.6000000e+002
  2.5720000e+002
  1.6000000e+002
  8.7100000e+001
  1.1140000e+002
  1.3570000e+002
  1.8430000e+002
  2.0860000e+002
  2.0860000e+002
  2.0860000e+002
  1.1140000e+002
  8.7100000e+001
  2.0910000e+002
  1.8530000e+002
  1.8530000e+002
  1.8530000e+002
  1.8530000e+002
  8.8100000e+001
  8.8100000e+001
  1.8530000e+002
  1.8530000e+002
  1.8530000e+002
  1.6100000e+002
  1.6100000e+002
  1.1240000e+002
  6.3800000e+001
  1.6100000e+002
  1.6100000e+002
  1.6100000e+002
  1.6100000e+002
  8.6100000e+001
  1.1040000e+002
  1.5900000e+002
  1.5900000e+002
  1.8330000e+002
  1.9910000e+002
  1.6740000e+002
  9.4400000e+001
  7.0100000e+001
  1.3450000e+002
  1.4480000e+002
  1.9090000e+002
  3.0990000e+002
  4.1880000e+002
  2.2220000e+002
  1.1400000e+002
  2.6710000e+002
  2.3730000e+002
  2.2590000e+002
  2.9710000e+002
  2.5400000e+002
  2.5650000e+002
  2.5650000e+002
  3.2680000e+002
  3.8160000e+002
  3.7910000e+002
  3.2440000e+002
  3.2690000e+002
  2.9710000e+002
  2.0990000e+002
  3.0480000e+002
  2.5620000e+002
  2.8440000e+002
  2.8360000e+002
  2.3600000e+002
  1.8640000e+002
  1.5960000e+002
  1.6910000e+002
  2.0910000e+002
  2.1530000e+002
  1.9350000e+002
  1.7410000e+002
  1.2840000e+002
  7.9800000e+001
  1.7700000e+002
  1.7400000e+002
  1.9530000e+002
  1.7100000e+002
  1.9530000e+002
  1.5940000e+002
  1.2260000e+002
  2.2170000e+002
  2.0570000e+002
  1.8270000e+002
  1.8940000e+002
  1.4080000e+002
  1.1650000e+002
  1.4080000e+002
  1.9130000e+002
  1.7010000e+002
  1.7010000e+002
  1.2150000e+002
  1.9440000e+002
  1.7140000e+002
  1.9740000e+002
  2.9460000e+002
  3.1890000e+002
  2.7030000e+002
  6.8340000e+002
  3.9180000e+002
  3.1890000e+002
  2.7030000e+002
  3.2510000e+002
  3.9290000e+002
  3.6050000e+002
  3.3280000e+002
  3.4100000e+002
  2.6740000e+002
  2.0880000e+002
  2.9900000e+002
  3.0290000e+002
  2.7860000e+002
  3.0440000e+002
  2.5730000e+002
  2.0870000e+002
  2.0870000e+002
  2.8510000e+002
  3.5440000e+002
  3.4170000e+002
  6.6640000e+002
  5.5000000e+002
  3.9320000e+002
  3.1910000e+002
  4.3150000e+002
  3.5770000e+002
  4.0320000e+002
  3.4010000e+002
  3.7470000e+002
  3.4560000e+002
  4.3560000e+002
  1.0685000e+003
  7.8180000e+002
  5.9590000e+002
  5.3430000e+002
  5.1780000e+002
  5.8070000e+002
  7.0820000e+002
  5.4010000e+002
  6.8590000e+002
  4.8700000e+002
  4.4020000e+002
  4.9510000e+002
  9.0440000e+002
  7.4700000e+002
  9.5360000e+002
  6.8800000e+002
  6.0860000e+002
  5.6880000e+002
  5.2500000e+002
  3.4570000e+002
  3.5330000e+002
  4.3120000e+002
  4.1620000e+002
  3.8640000e+002
  3.8090000e+002
  3.1490000e+002
  2.6640000e+002
  2.5520000e+002
  3.2330000e+002
  1.2757000e+003
  1.1081000e+003
  6.7990000e+002
  5.1160000e+002
  3.9670000e+002
  3.7600000e+002
  3.8760000e+002
  5.6600000e+002
  6.1860000e+002
  4.6880000e+002
  4.0070000e+002
  3.8190000e+002
  4.6860000e+002
  5.2510000e+002
  3.4800000e+002
  3.9300000e+002
  3.3540000e+002
  3.9210000e+002
  2.8610000e+002
  2.8170000e+002
  3.2330000e+002
  3.6990000e+002
  3.2880000e+002
  3.3380000e+002
  2.6090000e+002
  2.5590000e+002
  1.9880000e+002
  2.8700000e+002
  3.1130000e+002
  3.1110000e+002
  3.5720000e+002
  3.9430000e+002
  2.7130000e+002
  2.3200000e+002
  2.7110000e+002
  2.8760000e+002
  2.3560000e+002
  2.0770000e+002
  3.3170000e+002
  4.9110000e+002
  2.6180000e+002
  2.9540000e+002
  2.5560000e+002
  2.6420000e+002
  2.4920000e+002
  2.1200000e+002
  1.3810000e+002
  8.9500000e+001
  2.0420000e+002
  2.3080000e+002
  2.9890000e+002
  2.2580000e+002
  2.1690000e+002
  1.4310000e+002
  1.6740000e+002
  1.6740000e+002
  1.8980000e+002
  1.3500000e+002
  1.6740000e+002
  1.7660000e+002
  8.0200000e+001
  8.0300000e+001
  1.5820000e+002
  1.8740000e+002
  1.6310000e+002
  1.1450000e+002
  1.7270000e+002
  9.8000000e+001
  1.2180000e+002
  1.4590000e+002
  1.3720000e+002
  1.2720000e+002
  1.5340000e+002
  1.2930000e+002
  5.0100000e+001
  5.0100000e+001
  2.1560000e+002
  1.4230000e+002
  1.4230000e+002
  1.1800000e+002
  1.1800000e+002
  9.3700000e+001
  6.9400000e+001
  1.4180000e+002
  1.1650000e+002
  1.1600000e+002
  1.1600000e+002
  1.1600000e+002
  6.7400000e+001
  1.8800000e+001
  6.7400000e+001
  1.4030000e+002
  1.4030000e+002
  1.1600000e+002
  1.4030000e+002
  4.3100000e+001
  6.7400000e+001
  9.1700000e+001
  1.1600000e+002
  1.4030000e+002
  6.0200000e+002
  1.7220000e+003
  8.0140000e+002
  4.3780000e+002
  3.9960000e+002
  3.0950000e+002
  2.6610000e+002
  2.4560000e+002
  3.0040000e+002
  2.5640000e+002
  1.6620000e+002
  2.1120000e+002
  2.0380000e+002
  2.0560000e+002
  2.0110000e+002
  1.7830000e+002
  8.1100000e+001
  1.0390000e+002
  1.9360000e+002
  1.6330000e+002
  1.6330000e+002
  2.1190000e+002
  1.3900000e+002
  1.1470000e+002
  9.0400000e+001
  1.3900000e+002
  1.6330000e+002
  1.8760000e+002
  1.3900000e+002
  1.1500000e+002
  9.4400000e+001
  9.8600000e+001
  1.5300000e+002
  1.2870000e+002
  1.5300000e+002
  1.7730000e+002
  1.2870000e+002
  1.0460000e+002
  3.5500000e+001
  1.5700000e+002
  1.3270000e+002
  2.0560000e+002
  1.5700000e+002
  1.5700000e+002
  1.0840000e+002
  3.5500000e+001
  1.5700000e+002
  1.3270000e+002
  1.3210000e+002
  1.3100000e+002
  1.0670000e+002
  1.0670000e+002
  9.5000000e+000
  5.8100000e+001
  1.3100000e+002
  1.3100000e+002
  1.3100000e+002
  1.0670000e+002
  1.0670000e+002
  8.2400000e+001
  1.3100000e+002
  1.3100000e+002
  1.3100000e+002
  8.2400000e+001
  1.3100000e+002
  8.2400000e+001
  8.2400000e+001
  5.8100000e+001
  8.2400000e+001
  9.7100000e+001
  4.8100000e+001
  7.2400000e+001
  4.8100000e+001
  4.8100000e+001
  9.6700000e+001
  1.2100000e+002
  6.2600000e+001
  6.2400000e+001
  3.8100000e+001
  3.8100000e+001
  6.2400000e+001
  1.1100000e+002
  1.1100000e+002
  6.2400000e+001
  1.1100000e+002
  1.1100000e+002
  6.2400000e+001
  3.8100000e+001
  1.1100000e+002
  1.1100000e+002
  1.3530000e+002
  1.1100000e+002
  8.6700000e+001
  3.8100000e+001
  1.3800000e+001
  8.6700000e+001
  8.6700000e+001
  8.6700000e+001
  8.6700000e+001
  8.6700000e+001
  3.8100000e+001
  1.3800000e+001
  3.8100000e+001
  8.6700000e+001
  8.6700000e+001
  1.1100000e+002
  1.1100000e+002
  3.8100000e+001
  1.3800000e+001
  1.1100000e+002
  1.1100000e+002
  1.1100000e+002
  8.6700000e+001
  8.6700000e+001
  3.8100000e+001
  3.8100000e+001
  1.1100000e+002
  1.1100000e+002
  1.1100000e+002
  1.1100000e+002
  1.1100000e+002
  4.8500000e+001
  3.4700000e+001
  1.2960000e+002
  1.0530000e+002
  1.0530000e+002
  1.0530000e+002
  8.1000000e+001
  8.1000000e+001
  3.2400000e+001
  8.1000000e+001
  8.1000000e+001
  8.1000000e+001
  8.1000000e+001
  1.0530000e+002
  2.1500000e+001
  1.7400000e+001
  1.1460000e+002
  1.1000000e+002
  6.1000000e+001
  8.5300000e+001
  8.5300000e+001
  3.6700000e+001
  5.8200000e+001
  8.5300000e+001
  8.5300000e+001
  8.5300000e+001
  1.3000000e+002
  5.5500000e+001
  5.5000000e+001
  1.5220000e+002
  1.2790000e+002
  1.0360000e+002
  1.2790000e+002
  5.5000000e+001
  7.9300000e+001
  5.5000000e+001
  3.0700000e+001
  1.0360000e+002
  9.9600000e+001
  5.1000000e+001
  1.2390000e+002
  1.2390000e+002
  1.7250000e+002
  7.3140000e+002
  1.6972000e+003
  2.1755000e+003
  1.1276000e+003
  7.0470000e+002
  5.6900000e+002
  4.9570000e+002
  3.6630000e+002
  4.9720000e+002
  3.7360000e+002
  3.9580000e+002
  3.7740000e+002
  3.2410000e+002
  2.3900000e+002
  3.0370000e+002
  3.4100000e+002
  3.1700000e+002
  2.9000000e+002
  2.9100000e+002
  2.6670000e+002
  1.6550000e+002
  1.7830000e+002
  1.6730000e+002
  2.5520000e+002
  2.4930000e+002
  2.2300000e+002
  1.9550000e+002
  2.2270000e+002
  5.9590000e+002
  4.3220000e+002
  4.7050000e+002
  3.5640000e+002
  3.5600000e+002
  2.6620000e+002
  2.8600000e+002
  2.8600000e+002
  3.1380000e+002
  3.1070000e+002
  2.7910000e+002
  2.7830000e+002
  2.9530000e+002
  1.9610000e+002
  4.8890000e+002
  6.9800000e+002
  4.4870000e+002
  5.4490000e+002
  4.4510000e+002
  4.6950000e+002
  3.1080000e+002
  3.5440000e+002
  3.7430000e+002
  3.2670000e+002
  3.2110000e+002
  3.3980000e+002
  3.9240000e+002
  2.7490000e+002
  3.7010000e+002
  1.5114000e+003
  1.9227000e+003
  1.3635000e+003
  9.4890000e+002
  8.3200000e+002
  6.2840000e+002
  5.4210000e+002
  5.5950000e+002
  5.6610000e+002
  5.5590000e+002
  6.3060000e+002
  4.8510000e+002
  4.1920000e+002
  3.7290000e+002
  4.2280000e+002
  4.5740000e+002
  4.2360000e+002
  4.2490000e+002
  4.4500000e+002
  3.6110000e+002
  3.0440000e+002
  4.3740000e+002
  4.3420000e+002
  3.6620000e+002
  2.6760000e+002
  2.1550000e+002
  1.7960000e+002
  1.7130000e+002
  2.8680000e+002
  2.1290000e+002
  2.6200000e+002
  2.8380000e+002
  2.5700000e+002
  1.8410000e+002
  9.0370000e+002
  9.1960000e+002
  4.9420000e+002
  3.8980000e+002
  4.8040000e+002
  1.4430000e+003
  6.4410000e+002
  4.4500000e+002
  4.5460000e+002
  4.2060000e+002
  4.6650000e+002
  3.9190000e+002
  4.6440000e+002
  3.6790000e+002
  3.3060000e+002
  2.9540000e+002
  3.3700000e+002
  3.3600000e+002
  3.1170000e+002
  3.8660000e+002
  5.7170000e+002
  3.6450000e+002
  3.5680000e+002
  3.2150000e+002
  4.9160000e+002
  1.5221000e+003
  1.6418000e+003
  7.4330000e+002
  5.1090000e+002
  5.0800000e+002
  4.6300000e+002
  4.1900000e+002
  4.0280000e+002
  4.1840000e+002
  3.1150000e+002
  3.2610000e+002
  3.5590000e+002
  3.0430000e+002
  2.8950000e+002
  3.4420000e+002
  3.1960000e+002
  3.2160000e+002
  2.3820000e+002
  3.4030000e+002
  2.6310000e+002
  2.5940000e+002
  2.2860000e+002
  2.3520000e+002
  1.8110000e+002
  1.7910000e+002
  2.2870000e+002
  1.5580000e+002
  2.2470000e+002
  2.2170000e+002
  1.7310000e+002
  1.2450000e+002
  1.0020000e+002
  1.4880000e+002
  1.6310000e+002
  1.6210000e+002
  1.8170000e+002
  1.3280000e+002
  1.0850000e+002
  8.4200000e+001
  1.8140000e+002
  1.7680000e+002
  2.7360000e+002
  2.2500000e+002
  1.7220000e+002
  9.8500000e+001
  4.9900000e+001
  1.5040000e+002
  1.4640000e+002
  1.9260000e+002
  2.9170000e+002
  1.9500000e+002
  1.4640000e+002
  1.7020000e+002
  1.4190000e+002
  1.5630000e+002
  1.3140000e+002
  1.8000000e+002
  1.8000000e+002
  1.5970000e+002
  7.2100000e+001
  7.4980000e+002
  4.0151000e+003
  2.2681000e+003
  1.6810000e+003
  1.0882000e+003
  3.4551000e+003
  3.5273000e+003
  1.5860000e+003
  1.0956000e+003
  8.8410000e+002
  8.4490000e+002
  7.3950000e+002
  5.9650000e+002
  4.8730000e+002
  5.5040000e+002
  5.1800000e+002
  4.9860000e+002
  4.1130000e+002
  3.7460000e+002
  2.9230000e+002
  2.8690000e+002
  3.9250000e+002
  3.8860000e+002
  3.3010000e+002
  3.4890000e+002
  3.1770000e+002
  2.1660000e+002
  1.6000000e+002
  2.6780000e+002
  2.8690000e+002
  5.4630000e+002
  4.6340000e+002
  3.6290000e+002
  3.0480000e+002
  3.5380000e+002
  5.9380000e+002
  4.2540000e+002
  4.1590000e+002
  3.9730000e+002
  3.1510000e+002
  2.9010000e+002
  2.5390000e+002
  3.1370000e+002
  3.5850000e+002
  3.3570000e+002
  3.2040000e+002
  2.0340000e+002
  2.2470000e+002
  2.4900000e+002
  2.5660000e+002
  2.5730000e+002
  2.5370000e+002
  2.0560000e+002
  2.2990000e+002
  1.3220000e+002
  1.0740000e+002
  1.7980000e+002
  2.0320000e+002
  1.9610000e+002
  1.9460000e+002
  1.7030000e+002
  1.0140000e+002
  1.0160000e+002
  1.5050000e+002
  1.9910000e+002
  1.5000000e+002
  1.7430000e+002
  1.7430000e+002
  1.2570000e+002
  7.7100000e+001
  1.7430000e+002
  1.2770000e+002
  1.5400000e+002
  1.2970000e+002
  1.7930000e+002
  8.3100000e+001
  8.3100000e+001
  1.3170000e+002
  1.0740000e+002
  1.5600000e+002
  1.5600000e+002
  1.8030000e+002
  1.0740000e+002
  3.4500000e+001
  1.3170000e+002
  1.6460000e+002
  1.6440000e+002
  1.4000000e+002
  2.8580000e+002
  6.7100000e+001
  6.7100000e+001
  2.3720000e+002
  1.1570000e+002
  1.4000000e+002
  1.0590000e+002
  1.0570000e+002
  5.7100000e+001
  8.1400000e+001
  1.5230000e+002
  1.7760000e+002
  2.2620000e+002
  1.7760000e+002
  1.2900000e+002
  1.2900000e+002
  1.2900000e+002
  1.4370000e+002
  1.6830000e+002
  2.1690000e+002
  1.6830000e+002
  1.6830000e+002
  1.4400000e+002
  7.1100000e+001
  1.7320000e+002
  1.7330000e+002
  1.7330000e+002
  1.9760000e+002
  1.9760000e+002
  1.0040000e+002
  7.6100000e+001
  1.7330000e+002
  1.7330000e+002
  1.7330000e+002
  1.7330000e+002
  1.4900000e+002
  1.0040000e+002
  5.1800000e+001
  1.5390000e+002
  1.5400000e+002
  1.7830000e+002
  1.7830000e+002
  1.2970000e+002
  1.0540000e+002
  5.6800000e+002
  1.7830000e+002
  1.7830000e+002
  1.7830000e+002
  1.7830000e+002
  1.5400000e+002
  8.1100000e+001
  8.1100000e+001
  1.5400000e+002
  1.5400000e+002
  1.5400000e+002
  1.5400000e+002
  1.5400000e+002
  8.1100000e+001
  8.1100000e+001
  2.0260000e+002
  2.0260000e+002
  2.5120000e+002
  1.5400000e+002
  1.7830000e+002
  8.1100000e+001
  8.1100000e+001
  2.0260000e+002
  1.7830000e+002
  1.7830000e+002
  1.2970000e+002
  1.7830000e+002
  8.1100000e+001
  5.6800000e+001
  1.2970000e+002
  1.5400000e+002
  1.5400000e+002
  1.7830000e+002
  1.9290000e+002
  6.8100000e+001
  9.2400000e+001
  1.8960000e+002
  1.6530000e+002
  1.6530000e+002
  1.4100000e+002
  1.8960000e+002
  9.2400000e+001
  4.3800000e+001
  1.1670000e+002
  1.6530000e+002
  2.3820000e+002
  2.1390000e+002
  1.4100000e+002
  4.3800000e+001
  6.8100000e+001
  1.6530000e+002
  1.6530000e+002
  1.6140000e+002
  1.6130000e+002
  1.6130000e+002
  8.8400000e+001
  6.4100000e+001
  1.8560000e+002
  2.5850000e+002
  2.5850000e+002
  1.6870000e+002
  1.9160000e+002
  1.4890000e+002
  1.1910000e+002
  1.9100000e+002
  2.3910000e+002
  2.2770000e+002
  2.6740000e+002
  2.2450000e+002
  1.5110000e+002
  1.5010000e+002
  1.2630000e+002
  2.4880000e+002
  1.9920000e+002
  2.7210000e+002
  1.9870000e+002
  1.4610000e+002
  1.0310000e+002
  1.7840000e+002
  1.9950000e+002
  2.0870000e+002
  1.6610000e+002
  1.9120000e+002
  1.7560000e+002
  7.6900000e+001
  1.7410000e+002
  1.9910000e+002
  1.8750000e+002
  2.1070000e+002
  1.6210000e+002
  1.1350000e+002
  6.4900000e+001
  2.1560000e+002
  3.1220000e+002
  6.7320000e+002
  5.9680000e+002
  4.5540000e+002
  3.3670000e+002
  2.6630000e+002
  3.6240000e+002
  3.3260000e+002
  3.3300000e+002
  3.0870000e+002
  3.3300000e+002
  3.0870000e+002
  3.7910000e+002
  3.7910000e+002
  3.3300000e+002
  3.5630000e+002
  3.6810000e+002
  3.3430000e+002
  3.5390000e+002
  3.4090000e+002
  4.1030000e+002
  3.8800000e+002
  3.5920000e+002
  3.5470000e+002
  3.5470000e+002
  2.8030000e+002
  2.6530000e+002
  3.4030000e+002
  3.5790000e+002
  2.8600000e+002
  3.1130000e+002
  3.1130000e+002
  2.3740000e+002
  2.3440000e+002
  2.8050000e+002
  3.5340000e+002
  3.0680000e+002
  3.3360000e+002
  8.4050000e+002
  5.8830000e+002
  3.8190000e+002
  3.5540000e+002
  3.8840000e+002
  3.7990000e+002
  2.6190000e+002
  3.7190000e+002
  1.9150000e+002
  1.5620000e+002
  2.8730000e+002
  2.8330000e+002
  3.8050000e+002
  2.5900000e+002
  2.5900000e+002
  3.8050000e+002
  2.3060000e+002
  2.2970000e+002
  2.2970000e+002
  3.0260000e+002
  2.0540000e+002
  2.5400000e+002
  1.5680000e+002
  1.3690000e+002
  2.5900000e+002
  1.8610000e+002
  1.9450000e+002
  2.4770000e+002
  2.0880000e+002
  1.3650000e+002
  6.3600000e+001
  2.0930000e+002
  3.2520000e+002
  2.5230000e+002
  2.0370000e+002
  2.5230000e+002
  1.5510000e+002
  8.2200000e+001
  1.5510000e+002
  2.0350000e+002
  1.7440000e+002
  2.2300000e+002
  2.6450000e+002
  1.6030000e+002
  1.1080000e+002
  1.3510000e+002
  1.3510000e+002
  3.0070000e+002
  1.5440000e+002
  3.4880000e+002
  1.1930000e+003
  3.8600000e+002
  3.7320000e+002
  1.0904000e+003
  4.7510000e+002
  5.1570000e+002
  4.6010000e+002
  4.1980000e+002
  3.2340000e+002
  3.0220000e+002
  2.8530000e+002
  2.3880000e+002
  2.7780000e+002
  2.6930000e+002
  1.7210000e+002
  1.7210000e+002
  2.2070000e+002
  1.9640000e+002
  2.2070000e+002
  1.7210000e+002
  2.6930000e+002
  9.9200000e+001
  9.9200000e+001
  1.9230000e+002
  2.1120000e+002
  1.8630000e+002
  2.4900000e+002
  3.0690000e+002
  7.1570000e+002
  3.6250000e+002
  2.5730000e+002
  7.6530000e+002
  4.5160000e+002
  3.7670000e+002
  3.4360000e+002
  2.5960000e+002
  2.2730000e+002
  2.7582000e+003
  1.5514000e+003
  8.5960000e+002
  7.3740000e+002
  6.2200000e+002
  4.4050000e+002
  4.2410000e+002
  4.4500000e+002
  3.7520000e+002
  4.0810000e+002
  4.0810000e+002
  3.4020000e+002
  2.1600000e+002
  2.0010000e+002
  2.5670000e+002
  3.0230000e+002
  2.7750000e+002
  2.5270000e+002
  2.5270000e+002
  2.2840000e+002
  3.4500000e+003
  1.3259000e+003
  6.6730000e+002
  7.6540000e+002
  3.8200000e+002
  4.8910000e+002
  3.7550000e+002
  3.0850000e+002
  5.3430000e+002
  5.7890000e+002
  1.0290000e+003
  6.4390000e+002
  6.3490000e+002
  4.4080000e+002
  4.0280000e+002
  4.4470000e+002
  4.7280000e+002
  4.3050000e+002
  4.6360000e+002
  3.7470000e+002
  3.3440000e+002
  2.7060000e+002
  3.9020000e+002
  3.7040000e+002
  3.0740000e+002
  3.3150000e+002
  5.0020000e+002
  9.2130000e+002
  6.6940000e+002
  5.4990000e+002
  4.0990000e+002
  4.3450000e+002
  4.7060000e+002
  4.0710000e+002
  3.4560000e+002
  2.6000000e+002
  2.5200000e+002
  3.3880000e+002
  2.8000000e+002
  3.0380000e+002
  3.0180000e+002
  2.0160000e+002
  1.5050000e+002
  4.6490000e+002
  4.4140000e+002
  4.3220000e+002
  4.0040000e+002
  3.7060000e+002
  6.4390000e+002
  4.6100000e+002
  4.9820000e+002
  4.2560000e+002
  4.0620000e+002
  1.7010000e+002
  3.5490000e+002
  2.8200000e+002
  1.8130000e+002
  2.9300000e+002
  2.7100000e+002
  2.5910000e+002
  3.0450000e+002
  4.5980000e+002
  7.3530000e+002
  5.8390000e+002
  5.2510000e+002
  5.2260000e+002
  4.8590000e+002
  4.2160000e+002
  3.7600000e+002
  3.2490000e+002
  2.6780000e+002
  3.9820000e+002
  3.1850000e+002
  3.0190000e+002
  3.6900000e+002
  3.3980000e+002
  2.6820000e+002
  2.5260000e+002
  2.2900000e+002
  2.7310000e+002
  2.6910000e+002
  2.3890000e+002
  3.4570000e+002
  2.2770000e+002
  1.2210000e+002
  2.9550000e+002
  2.3900000e+002
  2.3300000e+002
  2.5130000e+002
  1.4610000e+002
  1.1680000e+002
  1.1230000e+002
  1.8580000e+002
  1.8130000e+002
  1.8130000e+002
  2.0560000e+002
  1.8130000e+002
  1.0840000e+002
  5.9800000e+001
  2.2990000e+002
  1.8130000e+002
  1.8130000e+002
  1.8130000e+002
  2.0560000e+002
  8.5100000e+001
  8.4100000e+001
  1.8130000e+002
  2.0560000e+002
  2.0560000e+002
  3.5140000e+002
  1.1200000e+001
  1.0840000e+002
  1.1200000e+001
  2.0560000e+002
  1.8130000e+002
  1.5700000e+002
  1.5700000e+002
  1.8130000e+002
  8.4100000e+001
  5.9800000e+001
  1.8130000e+002
  1.8130000e+002
  1.8130000e+002
  1.5700000e+002
  1.5700000e+002
  1.0840000e+002
  8.4100000e+001
  1.8130000e+002
  1.8130000e+002
  1.5700000e+002
  1.5700000e+002
  1.5700000e+002
  8.4100000e+001
  5.9800000e+001
  1.5700000e+002
  1.8130000e+002
  2.0560000e+002
  1.5700000e+002
  1.3270000e+002
  8.4100000e+001
  8.4100000e+001
  1.3270000e+002
  1.5700000e+002
  1.8130000e+002
  1.5700000e+002
  1.3270000e+002
  8.4100000e+001
  3.5500000e+001
  1.5700000e+002
  1.5700000e+002
  1.3270000e+002
  1.5700000e+002
  1.3270000e+002
  8.4100000e+001
  3.5500000e+001
  1.5700000e+002
  1.5700000e+002
  1.5700000e+002
  1.0840000e+002
  1.0220000e+002
  4.5800000e+001
  4.5800000e+001
  1.1870000e+002
  1.1870000e+002
  1.6730000e+002
  1.1870000e+002
  1.4300000e+002
  7.0100000e+001
  2.1500000e+001
  1.9160000e+002
  4.3460000e+002
  2.6060000e+002
  2.0900000e+002
  1.8470000e+002
  1.8470000e+002
  1.3360000e+002
  2.0300000e+002
  2.2430000e+002
  2.2330000e+002
  2.9970000e+002
  2.7570000e+002
  1.5130000e+002
  1.1650000e+002
  2.4260000e+002
  2.4060000e+002
  1.9400000e+002
  1.9200000e+002
  1.9050000e+002
  1.6570000e+002
  2.1330000e+002
  1.1360000e+002
  2.3760000e+002
  2.1530000e+002
  1.8750000e+002
  2.3510000e+002
  1.6120000e+002
  1.1210000e+002
  2.8320000e+002
  3.3730000e+002
  2.2730000e+002
  2.3070000e+002
  2.2770000e+002
  1.4830000e+002
  1.1650000e+002
  2.8710000e+002
  2.9010000e+002
  3.1740000e+002
  8.2870000e+002
  7.3000000e+002
  5.6640000e+002
  5.8470000e+002
  4.7500000e+002
  8.2320000e+002
  5.7890000e+002
  6.3200000e+002
  6.3200000e+002
  5.5260000e+002
  1.0686000e+003
  7.4510000e+002
  6.2160000e+002
  5.8180000e+002
  5.1170000e+002
  4.8620000e+002
  6.7160000e+002
  6.8210000e+002
  6.1370000e+002
  7.4170000e+002
  6.2670000e+002
  5.6960000e+002
  9.2730000e+002
  9.7580000e+002
  3.5550000e+003
  3.4600000e+003
  1.5108000e+003
  1.3446000e+003
  1.1817000e+003
  1.0574000e+003
  2.2668000e+003
  2.4578000e+003
  1.4451000e+003
  1.1164000e+003
  9.2630000e+002
  8.1110000e+002
  7.8730000e+002
  7.3490000e+002
  5.3620000e+002
  5.3540000e+002
  5.3030000e+002
  5.4270000e+002
  5.4430000e+002
  5.5590000e+002
  5.7750000e+002
  5.8180000e+002
  6.7000000e+002
  6.4370000e+002
  6.1290000e+002
  6.5700000e+002
  6.3070000e+002
  5.7360000e+002
  4.8170000e+002
  5.6240000e+002
  5.0130000e+002
  4.5850000e+002
  4.1220000e+002
  5.3040000e+002
  4.7770000e+002
  2.9080000e+002
  4.8150000e+002
  4.7790000e+002
  4.2410000e+002
  4.1990000e+002
  4.3240000e+002
  3.7000000e+002
  3.4370000e+002
  5.7930000e+002
  4.3810000e+002
  5.0510000e+002
  4.8470000e+002
  4.8920000e+002
  3.7690000e+002
  3.3710000e+002
  4.2930000e+002
  4.8150000e+002
  4.1660000e+002
  3.7780000e+002
  4.3100000e+002
  3.5260000e+002
  4.2000000e+002
  4.2000000e+002
  4.2000000e+002
  4.1750000e+002
  4.1500000e+002
  3.6390000e+002
  3.0330000e+002
  2.6400000e+002
  3.7040000e+002
  3.1120000e+002
  2.9580000e+002
  3.1860000e+002
  3.1860000e+002
  3.4340000e+002
  2.4670000e+002
  3.1960000e+002
  2.7100000e+002
  3.1960000e+002
  2.4670000e+002
  2.4670000e+002
  1.9810000e+002
  1.7380000e+002
  3.4390000e+002
  3.1960000e+002
  2.2240000e+002
  1.8610000e+002
  2.0580000e+002
  1.5100000e+002
  2.1840000e+002
  2.1840000e+002
  1.8760000e+002
  2.0430000e+002
  2.0170000e+002
  1.7540000e+002
  1.3080000e+002
  7.7500000e+001
  7.2200000e+001
  1.6070000e+002
  1.5120000e+002
  1.4940000e+002
  1.4940000e+002
  1.2080000e+002
  9.5800000e+001
  1.2010000e+002
  2.4160000e+002
  2.1300000e+002
  1.8850000e+002
  1.5940000e+002
  1.1010000e+002
  1.1010000e+002
  1.3440000e+002
  1.5870000e+002
  2.0730000e+002
  7.8370000e+002
  7.5860000e+002
  3.9780000e+002
  1.5660000e+002
  2.3430000e+002
  2.4280000e+002
  2.3170000e+002
  1.7710000e+002
  2.1920000e+002
  2.7039000e+003
  1.2298000e+003
  5.5890000e+002
  4.4830000e+002
  3.8380000e+002
  4.0120000e+002
  5.6560000e+002
  3.9430000e+002
  2.5210000e+002
  3.6090000e+002
  3.4650000e+002
  3.0370000e+002
  2.8520000e+002
  2.7760000e+002
  1.4450000e+002
  1.0770000e+002
  2.3700000e+002
  2.1610000e+002
  1.9330000e+002
  1.9130000e+002
  1.6650000e+002
  1.1540000e+002
  6.4800000e+001
  1.6200000e+002
  1.3970000e+002
  1.4120000e+002
  1.6750000e+002
  1.4370000e+002
  9.4100000e+001
  1.8700000e+001
  1.2030000e+002
  1.6730000e+002
  9.4400000e+001
  9.4400000e+001
  1.4300000e+002
  1.4300000e+002
  6.9100000e+001
  1.3380000e+002
  1.5560000e+002
  1.3130000e+002
  1.5560000e+002
  1.5560000e+002
  8.2700000e+001
  3.4100000e+001
  1.3080000e+002
  1.5460000e+002
  1.5460000e+002
  1.0600000e+002
  1.3030000e+002
  8.1700000e+001
  3.3100000e+001
  1.0600000e+002
  5.7400000e+001
  1.3030000e+002
  1.7890000e+002
  1.7890000e+002
  8.1700000e+001
  3.3100000e+001
  1.3130000e+002
  1.1040000e+002
  1.3630000e+002
  1.1200000e+002
  1.1200000e+002
  6.3400000e+001
  1.5300000e+001
  1.1300000e+002
  1.3930000e+002
  1.1500000e+002
  1.8790000e+002
  6.6400000e+001
  6.6400000e+001
  6.6400000e+001
  1.1500000e+002
  1.3930000e+002
  1.1500000e+002
  1.3930000e+002
  1.1500000e+002
  9.0700000e+001
  1.7800000e+001
  1.6360000e+002
  1.1990000e+002
  9.5000000e+001
  7.0700000e+001
  9.5000000e+001
  4.6400000e+001
  2.2100000e+001
  1.4360000e+002
  1.4360000e+002
  9.5000000e+001
  2.2100000e+001
  7.0700000e+001
  7.0700000e+001
  2.2100000e+001
  1.1930000e+002
  1.1930000e+002
  1.1930000e+002
  9.5000000e+001
  1.6590000e+002
  9.5000000e+001
  9.5000000e+001
  2.1650000e+002
  1.4360000e+002
  2.8940000e+002
  1.1930000e+002
  1.4360000e+002
  9.5000000e+001
  9.5000000e+001
  9.5000000e+001
  1.1930000e+002
  1.4360000e+002
  1.6790000e+002
  1.6790000e+002
